-0.49027
-0.50661
-0.45825
-0.3834
-0.34824
-0.33062
-0.29835
-0.23892
-0.14412
-0.045154
-0.039624
-0.014966
0.082594
0.21981
0.38171
0.49968
0.4925
0.36495
0.23566
0.10427
-0.057717
-0.17779
-0.20253
-0.19723
-0.22934
-0.29967
-0.40987
-0.53037
-0.60168
-0.51863
-0.39027
-0.3063
-0.24716
-0.18551
-0.12159
-0.061948
-0.045548
-0.021001
0.031279
0.11552
0.19236
0.15075
0.015876
-0.084387
-0.061115
0.0085034
0.097758
0.26581
0.46596
0.55734
-0.48018
-0.45167
-0.37263
-0.31918
-0.30876
-0.29641
-0.25352
-0.16246
-0.0456
0.078939
0.13041
0.15431
0.22199
0.32801
0.46169
0.54911
0.50744
0.35217
0.19808
0.081792
-0.048414
-0.15201
-0.20091
-0.19779
-0.20287
-0.24813
-0.356
-0.49657
-0.57043
-0.51891
-0.41798
-0.33576
-0.25074
-0.13836
0.0053517
0.12928
0.22275
0.26144
0.23111
0.23467
0.27696
0.25912
0.16375
0.10087
0.096415
0.086315
0.12954
0.27012
0.44049
0.50891
-0.45024
-0.38928
-0.25658
-0.19463
-0.19804
-0.1874
-0.14929
-0.050086
0.11108
0.24997
0.35622
0.39417
0.4444
0.5165
0.57955
0.59486
0.51752
0.3586
0.20005
0.09317
-0.029095
-0.15195
-0.20358
-0.20625
-0.18365
-0.17565
-0.21745
-0.31873
-0.40443
-0.39031
-0.33984
-0.29932
-0.21826
-0.099844
0.065483
0.26965
0.43163
0.47864
0.39564
0.33354
0.3479
0.31162
0.23154
0.21668
0.21494
0.15806
0.16165
0.28618
0.38405
0.37722
-0.36626
-0.27683
-0.12397
-0.018356
-0.025238
-0.038479
-0.0014029
0.12435
0.27602
0.38515
0.4935
0.56923
0.6418
0.70022
0.73981
0.71921
0.61195
0.43585
0.26414
0.13885
0.0055291
-0.1052
-0.19272
-0.2134
-0.19654
-0.14181
-0.071203
-0.059109
-0.11969
-0.167
-0.20027
-0.19087
-0.12552
-0.039636
0.1112
0.32268
0.50005
0.54029
0.44578
0.36967
0.36759
0.33183
0.28831
0.30303
0.30396
0.23598
0.23546
0.33641
0.38451
0.28687
-0.215
-0.10802
0.041611
0.18503
0.22534
0.22141
0.23338
0.30337
0.36066
0.3651
0.4574
0.6029
0.74038
0.82197
0.88449
0.83839
0.6921
0.54797
0.379
0.2237
0.11173
0.00090339
-0.13522
-0.21836
-0.20836
-0.1221
0.014499
0.13292
0.14855
0.080784
-0.0058582
0.0059666
0.045656
0.078872
0.17756
0.34946
0.48626
0.51999
0.45664
0.36281
0.31094
0.30814
0.33651
0.39668
0.39249
0.3341
0.32025
0.37756
0.40561
0.25881
-0.055518
0.068845
0.20543
0.38561
0.51765
0.53195
0.49274
0.45605
0.38572
0.2934
0.3499
0.52598
0.69462
0.79738
0.86541
0.80711
0.68245
0.60855
0.48239
0.34972
0.23015
0.095577
-0.050803
-0.18662
-0.22608
-0.1281
0.021962
0.18752
0.28896
0.28074
0.21619
0.18432
0.1565
0.13097
0.15592
0.25847
0.35302
0.42728
0.4228
0.34224
0.26841
0.26917
0.34199
0.42455
0.44864
0.39557
0.34399
0.33138
0.30175
0.17192
0.0067251
0.16172
0.3683
0.54643
0.67842
0.70864
0.66168
0.52876
0.37971
0.25385
0.28033
0.46316
0.60665
0.69952
0.7301
0.66692
0.5599
0.5074
0.44219
0.38466
0.28793
0.13795
-0.026726
-0.16504
-0.23257
-0.16296
-0.034696
0.12543
0.27218
0.35085
0.33538
0.26806
0.1646
0.066879
0.046586
0.081263
0.16533
0.26571
0.31436
0.30427
0.2752
0.26811
0.29877
0.36763
0.40888
0.36242
0.26751
0.1856
0.084249
-0.026609
-0.0392
0.16571
0.43077
0.60427
0.67211
0.66765
0.62511
0.50663
0.36769
0.26736
0.28146
0.44388
0.57534
0.64563
0.63008
0.56302
0.47883
0.39111
0.3221
0.30922
0.21645
0.051677
-0.076259
-0.15225
-0.21968
-0.20248
-0.13453
-0.013809
0.12467
0.2544
0.31817
0.27059
0.14751
0.013363
-0.083441
-0.090954
-0.011335
0.11303
0.23742
0.27336
0.2474
0.21777
0.2142
0.30078
0.35478
0.28459
0.12389
-0.025362
-0.17384
-0.26079
-0.11679
0.071773
0.30918
0.46236
0.47027
0.42616
0.40571
0.37188
0.30427
0.25933
0.29546
0.42756
0.55891
0.61651
0.57724
0.50084
0.44253
0.35741
0.2666
0.20984
0.11957
-0.026878
-0.14025
-0.18638
-0.2241
-0.2275
-0.23297
-0.22292
-0.1377
0.016397
0.15336
0.18953
0.085155
-0.04763
-0.18218
-0.24013
-0.17125
-0.0064481
0.14323
0.17877
0.083343
-0.0093213
0.012391
0.15409
0.25961
0.20206
0.026048
-0.13609
-0.26642
-0.3461
-0.10838
-0.0027686
0.11494
0.18495
0.14177
0.096335
0.11921
0.13556
0.17506
0.20169
0.25428
0.35884
0.45672
0.51986
0.50261
0.44861
0.42712
0.39255
0.2954
0.18985
0.079496
-0.068776
-0.1915
-0.2368
-0.24805
-0.21362
-0.25594
-0.3459
-0.37113
-0.25583
-0.09321
0.011342
-0.017419
-0.10961
-0.23597
-0.31582
-0.28715
-0.12026
0.035767
0.071478
-0.085703
-0.23903
-0.22303
-0.04143
0.1413
0.14864
0.0087283
-0.095136
-0.16693
-0.21606
-0.10253
-0.064512
-0.073063
-0.1151
-0.18367
-0.18714
-0.13721
-0.056929
0.041904
0.099191
0.1319
0.22891
0.33152
0.40573
0.41055
0.40215
0.38756
0.37409
0.32956
0.22302
0.07931
-0.094149
-0.20182
-0.21655
-0.17428
-0.13805
-0.22205
-0.36171
-0.4548
-0.41031
-0.24491
-0.12526
-0.077496
-0.10861
-0.24594
-0.34429
-0.34019
-0.18718
0.0026948
0.071136
-0.073962
-0.2496
-0.26002
-0.10613
0.069718
0.11447
0.060731
-0.00033896
-0.017448
-0.02212
-0.1049
-0.10609
-0.18414
-0.31934
-0.41205
-0.43278
-0.37903
-0.23901
-0.11217
-0.047993
-0.01433
0.072948
0.20315
0.30911
0.32398
0.34295
0.35782
0.38225
0.37321
0.2601
0.047561
-0.13553
-0.21331
-0.17711
-0.085569
-0.082325
-0.22973
-0.39795
-0.48308
-0.41964
-0.27461
-0.16663
-0.060186
-0.028253
-0.1696
-0.28785
-0.33013
-0.24709
-0.042015
0.11793
0.058538
-0.068366
-0.103
-0.0073407
0.069052
0.057674
0.045414
0.048133
0.056061
0.059821
-0.14483
-0.18366
-0.2797
-0.44627
-0.58182
-0.62551
-0.56038
-0.44881
-0.36236
-0.28728
-0.1969
-0.074101
0.059134
0.16346
0.21826
0.25382
0.29436
0.377
0.38132
0.25114
0.026814
-0.14562
-0.22493
-0.16059
-0.088701
-0.13088
-0.31067
-0.47755
-0.52209
-0.44219
-0.31122
-0.21559
-0.10545
-0.033127
-0.12109
-0.2537
-0.35096
-0.32051
-0.1129
0.11676
0.15934
0.043116
-0.026474
0.0028689
0.023446
-0.026479
-0.017146
0.020476
0.044983
0.035624
-0.24572
-0.30359
-0.3648
-0.49238
-0.61903
-0.68288
-0.659
-0.59551
-0.52658
-0.44239
-0.34051
-0.22868
-0.11192
-0.016622
0.080113
0.14474
0.202
0.32803
0.36679
0.25686
0.082312
-0.086518
-0.15934
-0.13631
-0.13582
-0.23197
-0.41204
-0.55876
-0.55938
-0.48368
-0.40755
-0.33719
-0.24451
-0.20333
-0.24091
-0.30937
-0.37807
-0.33589
-0.14021
0.062074
0.11967
0.036318
-0.047962
-0.063009
-0.062623
-0.098456
-0.087533
-0.021345
-0.018928
-0.028941
-0.32009
-0.33444
-0.36093
-0.44818
-0.56743
-0.64624
-0.65438
-0.5864
-0.46538
-0.40404
-0.37284
-0.32711
-0.29944
-0.2477
-0.086275
0.052866
0.12774
0.25561
0.31433
0.2596
0.1641
0.058297
0.0062549
-0.026483
-0.12855
-0.27207
-0.44193
-0.5643
-0.54127
-0.48356
-0.45366
-0.39219
-0.32309
-0.31136
-0.3262
-0.35398
-0.38323
-0.3546
-0.21005
-0.063283
-0.037735
-0.11379
-0.17424
-0.17467
-0.13235
-0.12188
-0.088597
-0.015437
-0.029276
-0.029396
-0.2916
-0.27753
-0.31411
-0.40975
-0.53691
-0.58798
-0.54354
-0.46175
-0.32006
-0.27264
-0.31872
-0.37768
-0.42586
-0.42998
-0.27001
-0.11189
-0.0125
0.12084
0.19991
0.16516
0.12997
0.10125
0.10693
0.062621
-0.074175
-0.21487
-0.38274
-0.53416
-0.52653
-0.44498
-0.41027
-0.35001
-0.28737
-0.30545
-0.31628
-0.32561
-0.36441
-0.37935
-0.30308
-0.2103
-0.24196
-0.32211
-0.33619
-0.28641
-0.20169
-0.16031
-0.10775
-0.030853
-0.0078214
0.023397
-0.23343
-0.23779
-0.30655
-0.42287
-0.54556
-0.55707
-0.47214
-0.40776
-0.29731
-0.26123
-0.31055
-0.40604
-0.4905
-0.48826
-0.37215
-0.20602
-0.096008
0.021903
0.11655
0.1261
0.11232
0.11153
0.12471
0.065467
-0.065691
-0.19759
-0.33972
-0.49116
-0.52506
-0.44687
-0.37205
-0.28787
-0.20507
-0.18235
-0.24004
-0.31066
-0.36355
-0.39998
-0.3737
-0.32504
-0.38092
-0.45276
-0.41285
-0.32885
-0.23814
-0.20251
-0.13123
-0.051966
-0.0010844
0.03195
-0.23366
-0.25475
-0.33843
-0.45866
-0.56104
-0.56077
-0.49237
-0.45403
-0.38549
-0.34911
-0.3513
-0.40254
-0.45303
-0.43912
-0.34641
-0.19702
-0.082321
0.0047279
0.11838
0.17096
0.13786
0.13235
0.13912
0.055032
-0.053492
-0.16813
-0.30156
-0.45903
-0.52189
-0.43701
-0.30221
-0.17164
-0.087191
-0.056494
-0.16047
-0.28693
-0.36051
-0.40777
-0.38153
-0.38567
-0.47954
-0.54567
-0.46584
-0.33919
-0.24106
-0.17942
-0.095021
-0.043814
-0.057786
-0.048979
-0.228
-0.31393
-0.39272
-0.46238
-0.53849
-0.55778
-0.53658
-0.51334
-0.45146
-0.39185
-0.33313
-0.33225
-0.38443
-0.37429
-0.28702
-0.14956
-0.053782
0.011073
0.13547
0.21734
0.18268
0.13765
0.10426
0.029084
-0.060024
-0.12441
-0.20779
-0.35059
-0.43698
-0.36014
-0.19992
-0.067755
0.00078647
-0.017479
-0.15155
-0.29002
-0.36629
-0.41396
-0.41146
-0.45961
-0.56536
-0.6341
-0.54214
-0.37258
-0.24671
-0.15184
-0.055276
-0.012905
-0.088419
-0.11971
-0.21405
-0.34595
-0.40756
-0.41744
-0.43849
-0.49092
-0.54162
-0.54088
-0.46097
-0.34968
-0.23822
-0.2374
-0.35088
-0.38546
-0.31268
-0.1851
-0.093797
-0.014722
0.11584
0.22357
0.21121
0.14718
0.076261
-0.0045959
-0.056023
-0.035008
-0.046977
-0.17349
-0.29079
-0.2565
-0.11682
-0.0082273
0.029309
-0.033813
-0.2263
-0.36398
-0.38781
-0.40786
-0.43591
-0.497
-0.60102
-0.67801
-0.60411
-0.46617
-0.32392
-0.18865
-0.052328
0.017326
-0.038696
-0.049293
-0.13727
-0.25843
-0.29014
-0.24407
-0.26068
-0.35378
-0.46528
-0.50855
-0.46335
-0.33679
-0.21497
-0.26659
-0.41435
-0.4802
-0.43224
-0.33764
-0.23895
-0.11512
0.0066782
0.11467
0.14599
0.13518
0.053101
-0.020171
-0.028125
0.034565
0.048054
-0.034278
-0.15652
-0.1701
-0.094067
-0.019184
0.032209
-0.064523
-0.26042
-0.37769
-0.36543
-0.34353
-0.34459
-0.39613
-0.51253
-0.59323
-0.58058
-0.50561
-0.3882
-0.25273
-0.10183
-0.013938
0.042972
0.12257
-0.0054206
-0.069929
-0.049008
-0.0039697
-0.078023
-0.23438
-0.38613
-0.47474
-0.46848
-0.39068
-0.33607
-0.40728
-0.53079
-0.58098
-0.57317
-0.5096
-0.38993
-0.25906
-0.16657
-0.09546
-0.029169
0.0055118
-0.02384
-0.042139
-0.01551
0.072187
0.11649
0.036313
-0.067167
-0.11825
-0.08025
-0.0044365
0.027
-0.099204
-0.25394
-0.30149
-0.23706
-0.14322
-0.10292
-0.16151
-0.30813
-0.41254
-0.44451
-0.43849
-0.42002
-0.34729
-0.21151
-0.09083
0.048099
0.18228
0.082617
0.084723
0.15087
0.16746
0.024565
-0.19055
-0.34797
-0.42298
-0.43863
-0.43409
-0.45342
-0.51801
-0.63335
-0.68623
-0.68664
-0.62963
-0.52854
-0.41646
-0.33543
-0.26227
-0.19666
-0.14113
-0.1014
-0.073129
-0.020436
0.11205
0.18725
0.13273
0.027139
-0.064264
-0.092145
-0.068961
-0.060572
-0.15515
-0.23585
-0.19706
-0.093517
0.067108
0.13775
0.046993
-0.12711
-0.29975
-0.39271
-0.43936
-0.51745
-0.51353
-0.39964
-0.24842
-0.071187
0.081051
0.092121
0.13844
0.2037
0.16864
0.0023754
-0.19059
-0.31069
-0.36876
-0.41435
-0.45789
-0.48406
-0.54448
-0.67599
-0.78611
-0.79501
-0.7243
-0.63521
-0.51127
-0.37727
-0.29381
-0.26841
-0.23823
-0.16258
-0.12504
-0.046126
0.10245
0.19381
0.20513
0.13207
-0.020329
-0.12845
-0.16279
-0.19933
-0.25314
-0.26693
-0.18184
-0.047965
0.13608
0.21748
0.11665
-0.090826
-0.31778
-0.4458
-0.53827
-0.62534
-0.63986
-0.53548
-0.38457
-0.20413
-0.049259
-0.0094078
0.02924
0.063742
-0.0099018
-0.1602
-0.27316
-0.31258
-0.34334
-0.42621
-0.47399
-0.43194
-0.44903
-0.62412
-0.77505
-0.79122
-0.68761
-0.57284
-0.4171
-0.26422
-0.21616
-0.28166
-0.28696
-0.2341
-0.187
-0.093485
0.031533
0.11869
0.18381
0.20564
0.079332
-0.054926
-0.11146
-0.19157
-0.27619
-0.31959
-0.29862
-0.19066
0.023229
0.18195
0.13489
-0.075033
-0.32739
-0.49985
-0.57186
-0.58787
-0.56067
-0.47695
-0.34999
-0.22035
-0.077108
-0.11458
-0.13617
-0.15701
-0.20995
-0.30361
-0.35377
-0.29972
-0.30743
-0.40637
-0.4292
-0.36368
-0.34213
-0.47681
-0.58662
-0.5658
-0.44021
-0.32189
-0.16887
-0.072842
-0.079372
-0.19932
-0.27406
-0.26418
-0.22159
-0.17753
-0.12175
-0.030826
0.11748
0.22752
0.19139
0.092782
0.030266
-0.081955
-0.22872
-0.36576
-0.43868
-0.37798
-0.13427
0.096593
0.11169
-0.06145
-0.28735
-0.46427
-0.49148
-0.43346
-0.381
-0.33191
-0.27539
-0.20125
-0.06645
-0.20028
-0.25829
-0.2872
-0.3002
-0.34491
-0.37845
-0.30618
-0.26584
-0.32688
-0.34496
-0.30582
-0.27535
-0.3086
-0.31877
-0.26094
-0.14017
-0.0077499
0.099348
0.08473
0.024079
-0.10754
-0.20757
-0.22671
-0.22593
-0.23494
-0.25386
-0.18891
-0.022451
0.13564
0.16254
0.097578
0.0374
-0.11139
-0.31526
-0.48823
-0.56308
-0.48493
-0.24992
-0.032045
0.016757
-0.10048
-0.28641
-0.4324
-0.45665
-0.40309
-0.36452
-0.36868
-0.31644
-0.18557
-0.05739
-0.26582
-0.28506
-0.28378
-0.23875
-0.26631
-0.33866
-0.30423
-0.24871
-0.24981
-0.25835
-0.25015
-0.21109
-0.17258
-0.1027
-0.019828
0.087526
0.22344
0.30922
0.24574
0.12402
-0.018414
-0.12479
-0.17563
-0.21806
-0.26581
-0.31501
-0.31624
-0.18024
0.011266
0.094204
0.058631
-0.029784
-0.23219
-0.47382
-0.62553
-0.65467
-0.55048
-0.35034
-0.1943
-0.12191
-0.16427
-0.27305
-0.36335
-0.45222
-0.50658
-0.51624
-0.51434
-0.42256
-0.23309
-0.058669
-0.29215
-0.28613
-0.23495
-0.12063
-0.15342
-0.27089
-0.30035
-0.23811
-0.2102
-0.24163
-0.23846
-0.16795
-0.035416
0.12713
0.22176
0.32304
0.41583
0.44614
0.37209
0.2169
0.059648
-0.038819
-0.10556
-0.14533
-0.18654
-0.26572
-0.3342
-0.28225
-0.13003
0.0052216
0.045113
-0.035411
-0.2642
-0.53598
-0.65187
-0.61757
-0.55435
-0.43193
-0.31486
-0.21624
-0.18355
-0.22476
-0.28406
-0.42452
-0.54763
-0.59838
-0.60783
-0.48125
-0.22967
-0.014866
-0.24184
-0.25349
-0.1774
-0.067323
-0.09474
-0.21366
-0.26359
-0.23153
-0.20496
-0.22839
-0.21184
-0.090714
0.10846
0.31734
0.45014
0.53978
0.57005
0.50366
0.40529
0.27336
0.14655
0.071857
0.022335
0.01322
-0.031788
-0.14418
-0.247
-0.30852
-0.25206
-0.14022
-0.040245
-0.060274
-0.21265
-0.43822
-0.51038
-0.43661
-0.43269
-0.41518
-0.35841
-0.27491
-0.20968
-0.17149
-0.22986
-0.38749
-0.53107
-0.61297
-0.63644
-0.48838
-0.19227
0.0041282
-0.16509
-0.16995
-0.11954
-0.0594
-0.10731
-0.20005
-0.22819
-0.1932
-0.16135
-0.15203
-0.1315
-0.032856
0.15039
0.35509
0.52004
0.65738
0.66376
0.51874
0.36655
0.24046
0.2023
0.20298
0.15488
0.083319
0.024486
-0.091556
-0.22196
-0.3455
-0.39172
-0.32656
-0.13296
-0.0023779
-0.076078
-0.23151
-0.26468
-0.21667
-0.24992
-0.32299
-0.38558
-0.36508
-0.29954
-0.21154
-0.25177
-0.37762
-0.4603
-0.53126
-0.57291
-0.4522
-0.1818
-0.024913
-0.06054
-0.08884
-0.072103
-0.050592
-0.1279
-0.23229
-0.22955
-0.19364
-0.11711
-0.039352
-0.0080492
0.041521
0.15512
0.3013
0.48357
0.65409
0.67872
0.50175
0.30772
0.17646
0.19092
0.24239
0.19306
0.069957
-0.016057
-0.1457
-0.29984
-0.42533
-0.51014
-0.46183
-0.19901
0.041453
0.022463
-0.067728
-0.050631
-0.037044
-0.12703
-0.2625
-0.40333
-0.41088
-0.3611
-0.31092
-0.30585
-0.31763
-0.31173
-0.34561
-0.39283
-0.34487
-0.21688
-0.11918
-0.033576
-0.10682
-0.13314
-0.11669
-0.16091
-0.22324
-0.2281
-0.21179
-0.10128
0.072486
0.15343
0.14677
0.16994
0.24798
0.4045
0.54656
0.5946
0.51325
0.3546
0.18466
0.12225
0.10946
0.069137
-0.032787
-0.090438
-0.18888
-0.3137
-0.4257
-0.51586
-0.46291
-0.23542
-0.0049399
0.063675
0.055965
0.076612
0.048475
-0.086089
-0.22849
-0.36754
-0.37414
-0.35129
-0.37316
-0.31804
-0.19336
-0.14385
-0.16587
-0.19217
-0.18114
-0.16649
-0.16809
-0.076242
-0.15
-0.18051
-0.17429
-0.15393
-0.17243
-0.19749
-0.21066
-0.12555
0.067068
0.19658
0.20848
0.19218
0.23737
0.31259
0.39428
0.49543
0.55036
0.46937
0.27941
0.091631
-0.010966
-0.055911
-0.07868
-0.077303
-0.12828
-0.2325
-0.33076
-0.41697
-0.39235
-0.26086
-0.10134
0.0061198
0.078244
0.14165
0.11322
0.013
-0.092744
-0.21323
-0.23811
-0.26637
-0.2877
-0.17698
-0.017582
0.01172
-0.020547
-0.052871
-0.040963
-0.040552
-0.10452
-0.092726
-0.11007
-0.12688
-0.1262
-0.14654
-0.1762
-0.22876
-0.2739
-0.22718
-0.023839
0.13542
0.20477
0.22554
0.2223
0.22462
0.27397
0.38031
0.4722
0.50318
0.37773
0.1359
-0.051859
-0.1114
-0.07878
-0.018279
-0.053861
-0.16785
-0.26233
-0.31764
-0.33589
-0.28772
-0.21637
-0.15503
-0.012079
0.15744
0.22886
0.1946
0.11637
0.007521
-0.10269
-0.19214
-0.14696
0.01186
0.13044
0.11704
0.065139
0.02516
0.025426
0.037787
-0.0020267
-0.095013
-0.053833
-0.067772
-0.13042
-0.254
-0.35556
-0.39828
-0.36005
-0.23564
-0.029791
0.10922
0.15944
0.1677
0.1263
0.10675
0.15019
0.24244
0.32783
0.41592
0.39577
0.21718
0.018498
-0.075508
-0.07493
-0.0070628
-0.024257
-0.13728
-0.20281
-0.23079
-0.26611
-0.26898
-0.27664
-0.22682
-0.055952
0.12956
0.27254
0.33062
0.28454
0.17109
-0.039075
-0.16361
-0.075997
0.082666
0.15331
0.11902
0.086979
0.053377
0.077193
0.10568
0.095258
-0.13408
-0.078505
-0.10416
-0.20341
-0.40926
-0.57375
-0.57306
-0.39737
-0.18553
0.021722
0.11046
0.089865
0.031445
-0.035893
-0.034023
0.025611
0.088618
0.16065
0.30254
0.40214
0.31958
0.1585
0.047985
-0.0076885
-0.0099849
-0.047763
-0.1201
-0.14991
-0.14188
-0.14884
-0.16872
-0.17276
-0.12966
-0.031667
0.071413
0.17361
0.27273
0.28415
0.17828
-0.045841
-0.14171
-0.072872
0.043096
0.069927
0.070938
0.06683
0.10482
0.19589
0.25777
0.26216
-0.20644
-0.16301
-0.17205
-0.26735
-0.43263
-0.57828
-0.57792
-0.37487
-0.16004
-0.010057
0.071808
0.030798
-0.081585
-0.17615
-0.13779
-0.064204
-0.021662
0.047545
0.22445
0.379
0.39471
0.30847
0.2002
0.12742
0.051296
-0.028334
-0.11984
-0.1615
-0.15648
-0.10527
-0.05253
0.019588
0.088463
0.090747
0.08429
0.07931
0.15744
0.23861
0.18268
-0.014272
-0.10826
-0.082638
-0.038128
-0.019348
0.014285
0.096142
0.22381
0.32824
0.41799
0.42407
-0.28787
-0.22233
-0.19172
-0.22149
-0.29026
-0.40074
-0.44042
-0.31639
-0.1795
-0.035705
0.07952
0.054278
-0.051885
-0.16735
-0.14484
-0.097422
-0.08684
-0.027774
0.17073
0.34809
0.40272
0.40682
0.36696
0.32212
0.20704
0.057531
-0.099848
-0.19336
-0.16548
-0.089235
0.008444
0.15525
0.2664
0.2637
0.17533
0.12148
0.18801
0.29795
0.24876
0.057316
-0.06417
-0.10989
-0.14113
-0.12456
-0.033275
0.14834
0.29979
0.36238
0.43311
0.46226
-0.34037
-0.26594
-0.1873
-0.15077
-0.17744
-0.25767
-0.31304
-0.25969
-0.18628
-0.060284
0.082482
0.13771
0.061048
-0.083457
-0.12988
-0.12663
-0.12516
-0.034431
0.2005
0.38234
0.43714
0.45698
0.46602
0.45843
0.33891
0.10503
-0.10616
-0.16892
-0.065338
0.02541
0.14482
0.31812
0.45413
0.44332
0.31044
0.24978
0.32251
0.41337
0.33618
0.14585
-0.015103
-0.1594
-0.25751
-0.26594
-0.15478
0.060421
0.21176
0.27132
0.33152
0.41386
-0.31642
-0.2827
-0.23323
-0.18002
-0.1902
-0.26145
-0.34683
-0.36259
-0.32498
-0.19336
0.0011503
0.11385
0.082847
-0.059717
-0.16777
-0.20094
-0.17888
-0.017586
0.24474
0.45454
0.53637
0.51737
0.47455
0.454
0.32767
0.074174
-0.13164
-0.1238
0.041464
0.1786
0.34208
0.52862
0.61184
0.52781
0.35931
0.3108
0.38037
0.45216
0.34874
0.14944
-0.012899
-0.19501
-0.3522
-0.41494
-0.36903
-0.20559
-0.02304
0.10269
0.2357
0.38783
-0.25326
-0.24176
-0.23561
-0.23496
-0.28591
-0.40236
-0.52025
-0.54655
-0.50719
-0.37769
-0.17421
-0.040063
-0.011674
-0.064643
-0.17406
-0.22682
-0.18832
0.0058286
0.28579
0.50436
0.59664
0.56729
0.48035
0.40632
0.27126
0.021409
-0.15003
-0.10502
0.069818
0.24945
0.44484
0.62016
0.65059
0.51121
0.33126
0.2708
0.31673
0.36865
0.25678
0.092101
-0.025576
-0.17463
-0.34849
-0.47116
-0.52222
-0.42172
-0.21575
-0.025217
0.16171
0.34897
-0.17726
-0.13877
-0.13001
-0.1868
-0.3263
-0.48229
-0.58874
-0.60207
-0.60331
-0.52055
-0.34544
-0.20309
-0.10283
-0.043151
-0.08854
-0.15989
-0.13993
0.053503
0.32291
0.50785
0.60779
0.62311
0.5025
0.35362
0.19821
0.0046942
-0.12838
-0.076152
0.051386
0.23526
0.43677
0.59242
0.59513
0.42432
0.23483
0.16803
0.19053
0.21051
0.14791
0.077005
0.029354
-0.074826
-0.26415
-0.43911
-0.50977
-0.43841
-0.25432
-0.063092
0.095205
0.25061
-0.021557
0.022718
0.039798
0.012896
-0.12951
-0.31667
-0.42058
-0.46666
-0.52525
-0.52267
-0.37549
-0.24367
-0.11766
-0.019879
-0.01482
-0.066553
-0.035605
0.17189
0.41125
0.53318
0.60763
0.63571
0.51967
0.33312
0.14962
0.0069185
-0.071286
-0.015746
0.11135
0.29249
0.46471
0.55943
0.52553
0.34221
0.12643
0.010972
0.018832
0.016196
0.044943
0.10863
0.14189
0.051628
-0.14432
-0.36385
-0.46013
-0.4101
-0.24355
-0.077293
0.048615
0.17018
0.14321
0.17662
0.22607
0.25208
0.19206
0.047299
-0.089148
-0.20445
-0.32655
-0.38069
-0.27104
-0.1869
-0.15136
-0.071599
-0.039406
-0.019993
0.095018
0.33756
0.53793
0.60176
0.63823
0.68584
0.6272
0.41905
0.20615
0.057122
-0.0035968
0.076819
0.27028
0.45186
0.5474
0.55475
0.45869
0.28635
0.058939
-0.089172
-0.11719
-0.10877
0.014562
0.173
0.21139
0.11355
-0.10266
-0.35635
-0.47715
-0.41494
-0.26756
-0.14203
-0.026277
0.053798
0.18527
0.21212
0.30499
0.38959
0.41071
0.31625
0.18053
0.035457
-0.082849
-0.1293
-0.089337
-0.083195
-0.10931
-0.080381
-0.061272
-0.0031537
0.18096
0.48149
0.66616
0.69856
0.72002
0.78019
0.76783
0.60282
0.39497
0.20783
0.11827
0.19081
0.4167
0.54504
0.57086
0.53922
0.45988
0.337
0.12467
-0.06315
-0.12712
-0.11534
0.0016083
0.12677
0.13267
0.028273
-0.17447
-0.39833
-0.49462
-0.42089
-0.28832
-0.17771
-0.095665
-0.060547
0.14646
0.14152
0.24007
0.37428
0.42653
0.37111
0.27531
0.17572
0.12718
0.14563
0.16455
0.11591
0.0094947
-0.026957
-0.026326
0.041532
0.2685
0.61206
0.76536
0.75526
0.71925
0.76427
0.81342
0.74228
0.5765
0.41878
0.31678
0.35012
0.4575
0.49711
0.46308
0.46135
0.47091
0.39502
0.20633
0.011631
-0.10156
-0.10386
-0.030663
-0.020768
-0.075473
-0.18147
-0.32357
-0.46191
-0.50609
-0.39406
-0.24374
-0.12928
-0.081928
-0.066202
0.18973
0.14605
0.22344
0.32822
0.32388
0.28404
0.2498
0.23827
0.27183
0.32455
0.3277
0.25862
0.107
0.0272
0.012413
0.094184
0.37357
0.71229
0.83611
0.7821
0.67182
0.66426
0.76115
0.802
0.69519
0.58503
0.53043
0.56769
0.57041
0.46585
0.36969
0.35376
0.42444
0.4185
0.26937
0.083351
-0.04515
-0.044693
-0.02437
-0.12351
-0.2584
-0.39215
-0.4747
-0.50093
-0.46199
-0.33322
-0.16005
-0.026524
0.010053
0.03456
0.38638
0.3132
0.31086
0.31498
0.26182
0.22944
0.24521
0.29235
0.36754
0.39594
0.35081
0.25106
0.12359
0.053318
0.058138
0.13075
0.38666
0.69028
0.82412
0.7865
0.66197
0.63112
0.73245
0.80183
0.75039
0.67743
0.69148
0.7525
0.71794
0.52757
0.34696
0.31732
0.39071
0.4303
0.31764
0.12643
0.03504
0.0428
0.030004
-0.08792
-0.24822
-0.40384
-0.43589
-0.39969
-0.31119
-0.18642
-0.046003
0.070366
0.12452
0.14595
0.61757
0.5437
0.46005
0.35137
0.26402
0.22894
0.23005
0.27736
0.34187
0.36997
0.31347
0.20967
0.11855
0.061361
0.079041
0.17646
0.35349
0.57181
0.71184
0.71904
0.64653
0.63691
0.7069
0.77296
0.74692
0.67962
0.7024
0.78219
0.75658
0.54709
0.35089
0.32416
0.40044
0.45214
0.36569
0.21312
0.16216
0.15714
0.10358
0.0021344
-0.12534
-0.25638
-0.26092
-0.20363
-0.11558
-0.018709
0.063843
0.14702
0.21843
0.2519
