-0.49012
-0.50673
-0.45834
-0.38323
-0.34803
-0.33046
-0.29825
-0.23889
-0.14403
-0.044866
-0.03975
-0.015319
0.082363
0.21971
0.38188
0.50016
0.49297
0.36508
0.23583
0.10454
-0.057726
-0.17801
-0.20254
-0.19701
-0.22913
-0.29949
-0.40975
-0.53042
-0.60196
-0.51849
-0.38976
-0.30586
-0.2469
-0.18538
-0.12158
-0.062019
-0.045937
-0.021509
0.030911
0.11553
0.19285
0.15112
0.015691
-0.08492
-0.061353
0.0084609
0.097576
0.26579
0.46641
0.55787
-0.48008
-0.45165
-0.3725
-0.31905
-0.30874
-0.29643
-0.25356
-0.16247
-0.045612
0.0791
0.13041
0.15405
0.2217
0.32775
0.46169
0.5494
0.5077
0.35209
0.19795
0.08192
-0.048293
-0.15195
-0.20086
-0.1976
-0.20262
-0.2479
-0.35596
-0.49689
-0.57089
-0.51908
-0.41788
-0.33567
-0.25069
-0.13826
0.0056186
0.12955
0.22304
0.26171
0.23104
0.23459
0.27723
0.25953
0.16391
0.101
0.096709
0.086361
0.12932
0.27003
0.44079
0.50926
-0.45035
-0.38943
-0.25636
-0.19445
-0.19808
-0.18743
-0.14941
-0.050219
0.1112
0.25022
0.35661
0.3943
0.44437
0.51643
0.57948
0.59483
0.51745
0.35836
0.19981
0.093266
-0.028958
-0.15201
-0.20358
-0.20615
-0.18341
-0.17535
-0.21723
-0.31886
-0.40482
-0.39046
-0.33979
-0.29939
-0.21835
-0.099941
0.065458
0.26994
0.43223
0.47927
0.39575
0.33343
0.34815
0.31184
0.23147
0.21681
0.21528
0.15797
0.16125
0.28609
0.38409
0.37699
-0.36646
-0.27705
-0.12388
-0.018114
-0.02537
-0.038829
-0.001758
0.12435
0.2764
0.38556
0.49401
0.56958
0.64203
0.70033
0.73994
0.71939
0.61204
0.43573
0.26393
0.13884
0.005472
-0.10525
-0.19283
-0.21339
-0.19652
-0.14173
-0.070887
-0.05876
-0.11964
-0.16704
-0.20044
-0.19109
-0.12565
-0.039899
0.11094
0.32274
0.50046
0.54067
0.44569
0.36948
0.36779
0.33194
0.28817
0.30307
0.30414
0.23573
0.23508
0.33647
0.38473
0.28642
-0.215
-0.10812
0.041552
0.18518
0.22527
0.22115
0.23311
0.30348
0.36097
0.36503
0.45742
0.60316
0.74079
0.82233
0.88512
0.83898
0.69232
0.54816
0.37903
0.22359
0.11178
0.0010758
-0.13527
-0.21854
-0.20849
-0.12213
0.014716
0.13343
0.14896
0.080838
-0.0061967
0.0059289
0.045873
0.078932
0.17757
0.34973
0.48664
0.52026
0.45666
0.36262
0.31074
0.30803
0.33647
0.39691
0.39265
0.33397
0.3201
0.37784
0.40628
0.25875
-0.05518
0.068939
0.20518
0.38559
0.51798
0.5322
0.49285
0.45628
0.38585
0.29294
0.34947
0.52595
0.69481
0.79758
0.86594
0.80752
0.68261
0.60906
0.48282
0.34999
0.23042
0.095848
-0.050608
-0.18674
-0.22635
-0.12815
0.022032
0.18783
0.28941
0.28097
0.21615
0.18442
0.15673
0.13114
0.15598
0.25866
0.35315
0.42754
0.42304
0.34217
0.26808
0.26886
0.34197
0.42478
0.44893
0.39566
0.34404
0.33171
0.30236
0.17217
0.0069976
0.16176
0.36837
0.54651
0.67877
0.70909
0.66218
0.52899
0.37967
0.25333
0.27979
0.46313
0.60662
0.69948
0.73018
0.66689
0.55966
0.50747
0.44239
0.38508
0.28841
0.13831
-0.02654
-0.16506
-0.23282
-0.16301
-0.034686
0.12555
0.27249
0.35125
0.33561
0.26815
0.16454
0.066704
0.046529
0.0812
0.16528
0.2658
0.31448
0.30435
0.27527
0.26816
0.29872
0.36764
0.40902
0.36253
0.26758
0.18586
0.084515
-0.026524
-0.039353
0.16572
0.43124
0.60478
0.67249
0.66796
0.62555
0.5069
0.36774
0.26714
0.28113
0.44399
0.57549
0.64576
0.63011
0.56296
0.47869
0.39086
0.32182
0.30942
0.21665
0.051569
-0.076293
-0.15203
-0.21965
-0.20245
-0.13456
-0.013716
0.1249
0.25482
0.31868
0.27089
0.14758
0.013322
-0.083569
-0.091052
-0.011337
0.11315
0.23787
0.2739
0.24795
0.21825
0.21436
0.30105
0.35514
0.28477
0.12374
-0.025527
-0.17421
-0.26125
-0.11732
0.071526
0.30948
0.46291
0.4705
0.42611
0.40578
0.3721
0.30439
0.25929
0.29539
0.42776
0.55932
0.61694
0.57744
0.50083
0.44257
0.35729
0.26628
0.2097
0.11954
-0.027069
-0.14038
-0.18621
-0.22396
-0.22738
-0.23303
-0.2232
-0.1379
0.016554
0.15382
0.19008
0.085363
-0.04751
-0.18224
-0.2403
-0.17128
-0.0061205
0.14385
0.17941
0.083594
-0.0094012
0.01229
0.15437
0.26014
0.20232
0.025839
-0.13641
-0.26683
-0.3467
-0.10854
-0.0028608
0.11503
0.18523
0.1417
0.095998
0.11906
0.13539
0.17508
0.20172
0.25429
0.35897
0.45687
0.5201
0.50273
0.44856
0.42724
0.3928
0.2954
0.18977
0.079551
-0.068819
-0.19167
-0.23693
-0.24821
-0.21341
-0.25578
-0.34614
-0.37167
-0.25615
-0.093214
0.011557
-0.017353
-0.10954
-0.23597
-0.3159
-0.28726
-0.12
0.036222
0.071921
-0.085988
-0.23989
-0.22384
-0.041649
0.1417
0.149
0.0085883
-0.095207
-0.16689
-0.21607
-0.10246
-0.064412
-0.073093
-0.1152
-0.18395
-0.18729
-0.13724
-0.056916
0.042107
0.099345
0.13177
0.22886
0.33154
0.40583
0.41053
0.40213
0.38749
0.37409
0.32968
0.22318
0.079557
-0.094102
-0.20189
-0.2166
-0.17415
-0.13752
-0.22157
-0.36153
-0.45503
-0.4107
-0.24499
-0.12532
-0.077511
-0.10847
-0.24605
-0.34444
-0.34033
-0.18696
0.0032863
0.071764
-0.07407
-0.2504
-0.26082
-0.10643
0.069996
0.11483
0.060944
-0.00016978
-0.017055
-0.021512
-0.10462
-0.10571
-0.18391
-0.31945
-0.4122
-0.43287
-0.37908
-0.2387
-0.11167
-0.047674
-0.014397
0.072811
0.20323
0.3094
0.32401
0.34296
0.35777
0.38231
0.37354
0.26048
0.047601
-0.13569
-0.21344
-0.17701
-0.084989
-0.081511
-0.22923
-0.39774
-0.48305
-0.41949
-0.27429
-0.16651
-0.059845
-0.027574
-0.16935
-0.28767
-0.33004
-0.24706
-0.041603
0.11877
0.058966
-0.068338
-0.10299
-0.006935
0.069524
0.057812
0.045516
0.048362
0.056429
0.060366
-0.14449
-0.18332
-0.27944
-0.44637
-0.58214
-0.62581
-0.56041
-0.44867
-0.36239
-0.28746
-0.19708
-0.074103
0.059327
0.16373
0.2184
0.25381
0.29421
0.37719
0.38169
0.25134
0.026588
-0.14597
-0.22535
-0.16053
-0.088188
-0.13026
-0.31043
-0.47755
-0.52202
-0.44187
-0.31074
-0.21533
-0.10505
-0.03228
-0.12042
-0.25327
-0.35093
-0.32082
-0.11285
0.11752
0.16017
0.043424
-0.026329
0.0032459
0.023815
-0.026615
-0.017243
0.020577
0.045201
0.035793
-0.24575
-0.30375
-0.3648
-0.49247
-0.61923
-0.68309
-0.65913
-0.59573
-0.52703
-0.44287
-0.3408
-0.22874
-0.11173
-0.016408
0.080355
0.14476
0.20174
0.32822
0.36721
0.25706
0.082261
-0.086884
-0.15976
-0.13641
-0.13567
-0.23182
-0.41212
-0.55901
-0.55933
-0.48342
-0.40742
-0.3373
-0.24452
-0.20324
-0.24079
-0.30917
-0.3781
-0.33605
-0.13997
0.062769
0.12043
0.03673
-0.047789
-0.062805
-0.062451
-0.098659
-0.087805
-0.021289
-0.019026
-0.029174
-0.32048
-0.33466
-0.36085
-0.44801
-0.56738
-0.64635
-0.65464
-0.58666
-0.46537
-0.40411
-0.37301
-0.3271
-0.29949
-0.2479
-0.086002
0.053296
0.1278
0.25592
0.3148
0.25995
0.16444
0.058476
0.0064405
-0.026221
-0.12851
-0.27212
-0.44206
-0.56446
-0.54099
-0.48319
-0.45368
-0.39234
-0.32319
-0.31157
-0.32634
-0.35393
-0.38318
-0.35466
-0.20984
-0.062777
-0.03729
-0.11365
-0.17424
-0.17462
-0.13211
-0.1218
-0.088551
-0.015108
-0.029309
-0.029536
-0.2918
-0.27738
-0.31381
-0.4095
-0.53696
-0.58808
-0.54344
-0.46161
-0.31943
-0.27202
-0.31846
-0.3776
-0.42601
-0.43048
-0.27003
-0.11173
-0.012637
0.12089
0.20009
0.16505
0.12991
0.10129
0.1073
0.063091
-0.07399
-0.2146
-0.38252
-0.53422
-0.52628
-0.44441
-0.41005
-0.34993
-0.28725
-0.30566
-0.31636
-0.32535
-0.36419
-0.37938
-0.30302
-0.20995
-0.24188
-0.32239
-0.33643
-0.28647
-0.20147
-0.1602
-0.10767
-0.030555
-0.0076332
0.023715
-0.23329
-0.23742
-0.30623
-0.42276
-0.54579
-0.55717
-0.47182
-0.40756
-0.29681
-0.26074
-0.31026
-0.40602
-0.49079
-0.48866
-0.37238
-0.20599
-0.096194
0.021746
0.11653
0.12592
0.11209
0.11142
0.12492
0.065688
-0.065659
-0.19744
-0.33945
-0.49115
-0.52502
-0.4466
-0.37196
-0.28789
-0.20496
-0.18215
-0.23994
-0.31055
-0.36339
-0.40002
-0.3737
-0.3247
-0.38079
-0.45295
-0.41282
-0.32869
-0.2379
-0.2026
-0.13128
-0.051787
-0.00074206
0.032447
-0.23356
-0.25439
-0.33816
-0.45866
-0.56132
-0.56088
-0.49216
-0.45404
-0.3855
-0.3492
-0.35136
-0.40264
-0.45317
-0.43922
-0.34645
-0.19687
-0.082264
0.0045737
0.11845
0.1711
0.1377
0.1323
0.13942
0.055164
-0.053437
-0.16802
-0.30143
-0.45923
-0.52224
-0.43711
-0.30215
-0.1715
-0.086974
-0.055973
-0.16017
-0.28682
-0.36036
-0.40772
-0.38117
-0.38512
-0.47933
-0.54576
-0.4656
-0.33875
-0.24071
-0.17935
-0.094852
-0.043583
-0.057795
-0.048964
-0.2278
-0.31384
-0.39268
-0.46236
-0.53867
-0.5579
-0.53656
-0.51347
-0.45164
-0.39213
-0.33319
-0.33213
-0.38442
-0.37421
-0.28679
-0.14913
-0.053528
0.010945
0.13559
0.21767
0.18268
0.13756
0.10434
0.029116
-0.060116
-0.12438
-0.20762
-0.35071
-0.43738
-0.36028
-0.19973
-0.067508
0.0010803
-0.017049
-0.1513
-0.28988
-0.3661
-0.41385
-0.4111
-0.45922
-0.56527
-0.63431
-0.54202
-0.37206
-0.24626
-0.15159
-0.054955
-0.012569
-0.08874
-0.1203
-0.21391
-0.34628
-0.40793
-0.41758
-0.43848
-0.49095
-0.54177
-0.5411
-0.46106
-0.34961
-0.2377
-0.23677
-0.35078
-0.38547
-0.31248
-0.18465
-0.093521
-0.014733
0.11604
0.2241
0.21152
0.14727
0.076288
-0.0047276
-0.056244
-0.034805
-0.046413
-0.17325
-0.29099
-0.25659
-0.11657
-0.0079593
0.029566
-0.033522
-0.22649
-0.36428
-0.38777
-0.40782
-0.43592
-0.497
-0.60117
-0.67844
-0.60426
-0.46611
-0.32382
-0.18853
-0.051982
0.01774
-0.03894
-0.049734
-0.13713
-0.25886
-0.29061
-0.24404
-0.26041
-0.35357
-0.46529
-0.50866
-0.46345
-0.33655
-0.21415
-0.26601
-0.41441
-0.48043
-0.43224
-0.33753
-0.23893
-0.11504
0.0068524
0.11508
0.14641
0.13567
0.05328
-0.020288
-0.028284
0.03478
0.048484
-0.033953
-0.15659
-0.17018
-0.094013
-0.019153
0.032562
-0.064286
-0.2607
-0.37815
-0.36562
-0.34371
-0.34476
-0.39621
-0.51276
-0.59354
-0.5808
-0.50576
-0.38821
-0.25261
-0.10148
-0.013697
0.043112
0.12301
-0.0051493
-0.070109
-0.049059
-0.0035507
-0.077599
-0.23416
-0.3861
-0.47489
-0.46866
-0.39062
-0.33575
-0.40719
-0.53098
-0.58104
-0.57319
-0.50964
-0.38982
-0.25883
-0.16648
-0.095485
-0.02905
0.0058061
-0.02374
-0.042201
-0.015665
0.07228
0.11678
0.036333
-0.067306
-0.1184
-0.080195
-0.0040688
0.027668
-0.098965
-0.25416
-0.30176
-0.23712
-0.1431
-0.10268
-0.16124
-0.30807
-0.41239
-0.44415
-0.43807
-0.41976
-0.34709
-0.21116
-0.090587
0.048492
0.18307
0.08284
0.084729
0.15123
0.16817
0.024998
-0.19055
-0.34806
-0.42298
-0.43856
-0.43406
-0.45348
-0.51809
-0.63356
-0.6862
-0.68649
-0.62944
-0.52834
-0.41632
-0.33553
-0.26244
-0.19673
-0.14106
-0.10126
-0.073101
-0.020586
0.11226
0.18765
0.13287
0.027085
-0.064389
-0.092168
-0.068729
-0.06007
-0.15495
-0.23589
-0.19692
-0.093343
0.067624
0.13842
0.047455
-0.1268
-0.29953
-0.39228
-0.43876
-0.51735
-0.51371
-0.39974
-0.24848
-0.071043
0.081418
0.09232
0.1387
0.20435
0.16936
0.0027609
-0.1905
-0.31055
-0.36846
-0.4141
-0.45786
-0.48407
-0.54444
-0.67614
-0.78641
-0.79516
-0.72429
-0.63535
-0.51146
-0.37728
-0.2937
-0.2684
-0.23824
-0.16232
-0.12502
-0.046207
0.10272
0.19417
0.20547
0.13228
-0.020619
-0.12895
-0.16313
-0.19956
-0.25332
-0.26698
-0.18155
-0.047639
0.13664
0.21803
0.11685
-0.090887
-0.31804
-0.44579
-0.53822
-0.62568
-0.64051
-0.53598
-0.38498
-0.20434
-0.049369
-0.0094443
0.02939
0.06422
-0.0095702
-0.16022
-0.27318
-0.3123
-0.34289
-0.42614
-0.47414
-0.4316
-0.44838
-0.62412
-0.77557
-0.79174
-0.68781
-0.57312
-0.41724
-0.26393
-0.21579
-0.28179
-0.28709
-0.23402
-0.18702
-0.093395
0.031832
0.11888
0.18401
0.20604
0.079231
-0.055387
-0.11167
-0.19172
-0.2763
-0.31959
-0.29864
-0.19085
0.023326
0.18237
0.13515
-0.075109
-0.32778
-0.50025
-0.57209
-0.58805
-0.56087
-0.47708
-0.34999
-0.2204
-0.077092
-0.11451
-0.13615
-0.15696
-0.20991
-0.30373
-0.35384
-0.29915
-0.30679
-0.40635
-0.42925
-0.36317
-0.34123
-0.47652
-0.58682
-0.56595
-0.44005
-0.32189
-0.16863
-0.072372
-0.078848
-0.19929
-0.27423
-0.26421
-0.22148
-0.17743
-0.12176
-0.030907
0.11773
0.22814
0.19178
0.092927
0.030734
-0.081363
-0.22817
-0.36542
-0.43882
-0.37855
-0.13439
0.097105
0.1122
-0.061292
-0.28745
-0.46455
-0.49139
-0.43286
-0.38026
-0.33125
-0.27499
-0.20121
-0.066319
-0.20007
-0.25832
-0.28729
-0.30016
-0.34492
-0.37852
-0.30567
-0.26505
-0.32653
-0.34473
-0.30539
-0.27475
-0.30823
-0.31857
-0.26074
-0.13987
-0.0074221
0.099789
0.084897
0.024312
-0.10751
-0.20763
-0.22657
-0.22567
-0.23472
-0.25399
-0.18914
-0.022354
0.13606
0.16276
0.097542
0.037764
-0.11088
-0.31487
-0.48804
-0.5632
-0.48522
-0.24981
-0.031535
0.017221
-0.10035
-0.28661
-0.43273
-0.45661
-0.40249
-0.36375
-0.36831
-0.31632
-0.18537
-0.05725
-0.2657
-0.28493
-0.2837
-0.23835
-0.26597
-0.3387
-0.30392
-0.24803
-0.24918
-0.25783
-0.24978
-0.21078
-0.17248
-0.10266
-0.019909
0.087383
0.22355
0.30962
0.24589
0.12406
-0.018439
-0.12481
-0.17552
-0.21793
-0.26573
-0.31514
-0.31666
-0.18042
0.011567
0.094443
0.058573
-0.029704
-0.23221
-0.47406
-0.62576
-0.65489
-0.55058
-0.35013
-0.19412
-0.12177
-0.16431
-0.27327
-0.36342
-0.45229
-0.50666
-0.51623
-0.51456
-0.42285
-0.23312
-0.058595
-0.29223
-0.28617
-0.23487
-0.11985
-0.1528
-0.27086
-0.30035
-0.23762
-0.20956
-0.24135
-0.23845
-0.16804
-0.035426
0.12733
0.22166
0.32287
0.41585
0.4464
0.37238
0.21697
0.059508
-0.038936
-0.10569
-0.14534
-0.18636
-0.26566
-0.33449
-0.28252
-0.12992
0.0055969
0.045527
-0.035028
-0.26423
-0.53658
-0.65236
-0.61764
-0.55449
-0.43199
-0.31493
-0.21618
-0.18345
-0.22472
-0.28378
-0.42449
-0.54779
-0.59847
-0.60817
-0.48156
-0.22952
-0.014464
-0.24185
-0.25371
-0.17738
-0.066686
-0.094155
-0.21358
-0.26361
-0.23131
-0.20466
-0.22843
-0.21212
-0.090812
0.1087
0.31785
0.45044
0.53994
0.57019
0.50368
0.40546
0.27353
0.14652
0.071781
0.022262
0.013537
-0.031214
-0.14373
-0.24669
-0.3085
-0.25197
-0.14002
-0.039898
-0.06002
-0.21263
-0.43877
-0.51075
-0.43627
-0.43257
-0.41525
-0.35843
-0.27474
-0.2094
-0.17095
-0.22931
-0.38734
-0.53116
-0.61312
-0.63688
-0.48866
-0.19177
0.0047084
-0.16504
-0.17002
-0.11947
-0.058994
-0.10704
-0.20004
-0.22814
-0.19295
-0.16113
-0.15204
-0.13176
-0.033088
0.15043
0.35533
0.52022
0.65779
0.66414
0.51867
0.36644
0.24034
0.20244
0.2034
0.15518
0.08351
0.024941
-0.091065
-0.22147
-0.34529
-0.39183
-0.32687
-0.13278
-0.0017464
-0.075755
-0.23172
-0.26468
-0.21611
-0.24943
-0.32275
-0.38567
-0.36516
-0.29949
-0.21099
-0.25137
-0.3777
-0.46036
-0.53138
-0.57339
-0.45253
-0.18126
-0.024373
-0.060117
-0.088623
-0.071806
-0.050103
-0.12776
-0.23259
-0.2296
-0.19361
-0.11696
-0.039145
-0.008112
0.04129
0.15496
0.30112
0.48357
0.65455
0.67927
0.5016
0.30723
0.17595
0.19107
0.24316
0.19369
0.070057
-0.015902
-0.1456
-0.29984
-0.42536
-0.51054
-0.46253
-0.19892
0.042337
0.022799
-0.067941
-0.050442
-0.03645
-0.12658
-0.26232
-0.40366
-0.41109
-0.36111
-0.31081
-0.30587
-0.31774
-0.31156
-0.34541
-0.39295
-0.34506
-0.21685
-0.11918
-0.033137
-0.10684
-0.13327
-0.11659
-0.16095
-0.22345
-0.22818
-0.21198
-0.10126
0.073077
0.154
0.14684
0.16976
0.24766
0.40445
0.54677
0.59485
0.51329
0.3544
0.18421
0.12211
0.10966
0.069358
-0.033025
-0.09059
-0.18903
-0.31382
-0.42575
-0.51622
-0.46336
-0.23533
-0.0043112
0.06408
0.056016
0.07679
0.048699
-0.08625
-0.22879
-0.36812
-0.37431
-0.35124
-0.37362
-0.31856
-0.19332
-0.14358
-0.16565
-0.19201
-0.18097
-0.1665
-0.16849
-0.076156
-0.15034
-0.18094
-0.17456
-0.15381
-0.17215
-0.19719
-0.21066
-0.12562
0.067492
0.19717
0.20874
0.1921
0.23733
0.31255
0.39413
0.49552
0.55088
0.46987
0.27948
0.091354
-0.011184
-0.056011
-0.078778
-0.077193
-0.12809
-0.23234
-0.33052
-0.41699
-0.39242
-0.26076
-0.10102
0.0064263
0.078434
0.14188
0.11316
0.012633
-0.093064
-0.21362
-0.23799
-0.26623
-0.28806
-0.17717
-0.017197
0.012025
-0.020376
-0.052735
-0.040613
-0.040181
-0.10477
-0.092741
-0.11014
-0.12694
-0.12598
-0.14607
-0.17548
-0.22819
-0.27393
-0.22774
-0.02397
0.13555
0.20502
0.22593
0.22264
0.2247
0.27386
0.38036
0.47252
0.5039
0.37829
0.13579
-0.052303
-0.11168
-0.078701
-0.017759
-0.053397
-0.16771
-0.26224
-0.31754
-0.33592
-0.28774
-0.21643
-0.15541
-0.012253
0.15774
0.2292
0.19471
0.11646
0.0076871
-0.10247
-0.19221
-0.14696
0.012324
0.13113
0.11739
0.065258
0.025185
0.025539
0.038032
-0.0021199
-0.094957
-0.053476
-0.067347
-0.12997
-0.25373
-0.35538
-0.3982
-0.36017
-0.23593
-0.029779
0.10934
0.15963
0.16812
0.12661
0.10685
0.1502
0.24247
0.32781
0.41624
0.39627
0.21726
0.018175
-0.075812
-0.075045
-0.0066473
-0.023793
-0.13727
-0.2028
-0.23065
-0.26613
-0.26908
-0.27709
-0.22746
-0.056132
0.12982
0.27311
0.3313
0.28514
0.17172
-0.039052
-0.16401
-0.07593
0.083261
0.15386
0.11914
0.086976
0.053132
0.07701
0.10558
0.094989
-0.13404
-0.078134
-0.1038
-0.20312
-0.40956
-0.57449
-0.57369
-0.39741
-0.18531
0.022201
0.11079
0.089938
0.031474
-0.035988
-0.034048
0.025702
0.088537
0.16026
0.30249
0.40265
0.31992
0.15846
0.047862
-0.0078631
-0.0099519
-0.047686
-0.12011
-0.14974
-0.14147
-0.14848
-0.16864
-0.17296
-0.12996
-0.031817
0.071334
0.17361
0.27301
0.28454
0.1786
-0.046222
-0.14215
-0.072856
0.043499
0.070059
0.070855
0.066508
0.10446
0.19582
0.25783
0.26211
-0.20649
-0.16293
-0.17196
-0.26742
-0.43303
-0.57899
-0.57859
-0.37481
-0.15972
-0.0099023
0.07191
0.030666
-0.082
-0.17676
-0.13791
-0.064009
-0.021713
0.047117
0.22435
0.37937
0.39515
0.30871
0.20018
0.12735
0.051152
-0.028416
-0.11996
-0.16153
-0.15646
-0.10511
-0.052372
0.019831
0.088818
0.090808
0.08409
0.078693
0.15697
0.23865
0.18285
-0.014647
-0.10855
-0.08251
-0.037876
-0.01932
0.014102
0.095953
0.22388
0.32842
0.41841
0.42435
-0.28811
-0.22235
-0.19168
-0.22143
-0.29004
-0.40071
-0.4406
-0.31624
-0.17946
-0.035726
0.079696
0.05426
-0.05211
-0.1678
-0.14475
-0.097023
-0.08682
-0.028247
0.17055
0.34822
0.40278
0.40702
0.36719
0.3225
0.2073
0.0577
-0.099935
-0.19375
-0.16581
-0.089564
0.0080635
0.15521
0.2667
0.26395
0.17512
0.12084
0.18754
0.29816
0.24905
0.057119
-0.064262
-0.10969
-0.141
-0.12453
-0.033206
0.14884
0.3004
0.36258
0.43328
0.46237
-0.34077
-0.26609
-0.18717
-0.15037
-0.17686
-0.25715
-0.31267
-0.25915
-0.186
-0.060106
0.082859
0.13825
0.061425
-0.083475
-0.12966
-0.12621
-0.12509
-0.034679
0.20064
0.38256
0.43704
0.45691
0.46624
0.4591
0.33963
0.10527
-0.1064
-0.16927
-0.065282
0.025202
0.14438
0.31796
0.45449
0.44379
0.31039
0.24949
0.32257
0.414
0.33669
0.146
-0.014917
-0.1593
-0.25755
-0.26598
-0.15459
0.061167
0.21242
0.27136
0.33121
0.41367
-0.31667
-0.28297
-0.23343
-0.17981
-0.18969
-0.26085
-0.3464
-0.36225
-0.3249
-0.19329
0.0016047
0.11451
0.083365
-0.059692
-0.16788
-0.20095
-0.17905
-0.017645
0.24507
0.45501
0.53665
0.51734
0.47443
0.45437
0.32822
0.074235
-0.13201
-0.12389
0.041929
0.17881
0.34214
0.52899
0.61241
0.52814
0.35907
0.31062
0.38064
0.45296
0.34926
0.14951
-0.01274
-0.195
-0.3524
-0.41517
-0.36923
-0.20555
-0.022934
0.10244
0.23536
0.38787
-0.25344
-0.24203
-0.23597
-0.23511
-0.28583
-0.40234
-0.52045
-0.54668
-0.50734
-0.37778
-0.17396
-0.03978
-0.011516
-0.06459
-0.17428
-0.22707
-0.18863
0.0057868
0.28616
0.50487
0.59703
0.56735
0.48019
0.4065
0.27171
0.021384
-0.15035
-0.10498
0.070225
0.24971
0.44505
0.62064
0.65109
0.51132
0.33096
0.27062
0.31697
0.36934
0.25698
0.091845
-0.025648
-0.17461
-0.34859
-0.47132
-0.52273
-0.42224
-0.216
-0.025486
0.16154
0.34927
-0.1777
-0.13904
-0.13023
-0.18707
-0.32681
-0.48294
-0.5893
-0.60223
-0.60356
-0.52086
-0.34552
-0.20321
-0.10287
-0.042824
-0.088275
-0.15996
-0.1403
0.053355
0.32315
0.50805
0.60798
0.62342
0.50251
0.35362
0.19846
0.0048494
-0.12845
-0.075997
0.051374
0.23509
0.43666
0.59261
0.59542
0.42424
0.23449
0.16797
0.19087
0.21099
0.14796
0.076764
0.029334
-0.07462
-0.26407
-0.43919
-0.50994
-0.43856
-0.25428
-0.063044
0.095118
0.25074
-0.02178
0.0226
0.039714
0.012943
-0.12975
-0.31728
-0.42092
-0.46658
-0.52533
-0.52306
-0.37556
-0.2437
-0.11747
-0.019288
-0.014205
-0.066415
-0.035902
0.17186
0.41151
0.53312
0.6075
0.63583
0.51958
0.33287
0.1495
0.0070365
-0.071163
-0.015575
0.11128
0.29232
0.46463
0.55951
0.52572
0.34214
0.12608
0.010717
0.019012
0.016171
0.044749
0.10861
0.14224
0.052109
-0.14394
-0.36376
-0.46008
-0.41001
-0.24323
-0.076975
0.048744
0.17041
0.1435
0.17679
0.2263
0.2525
0.1925
0.047535
-0.088881
-0.2041
-0.32655
-0.38109
-0.271
-0.1868
-0.15151
-0.071406
-0.039147
-0.019983
0.094904
0.33781
0.53828
0.60162
0.63789
0.68588
0.6274
0.41886
0.20587
0.056993
-0.0036877
0.076858
0.27065
0.45235
0.54773
0.5549
0.45863
0.28619
0.058498
-0.08958
-0.11732
-0.10911
0.014509
0.17353
0.2121
0.11426
-0.10218
-0.35638
-0.47735
-0.41491
-0.26733
-0.14192
-0.02616
0.053848
0.18552
0.2122
0.30529
0.39013
0.41147
0.31687
0.18104
0.035762
-0.082833
-0.12948
-0.089306
-0.083229
-0.10955
-0.080374
-0.061311
-0.0034365
0.1807
0.48182
0.66655
0.69851
0.71991
0.78052
0.76843
0.60311
0.39505
0.20767
0.11791
0.19059
0.41734
0.54577
0.57131
0.53944
0.45998
0.33724
0.12468
-0.063324
-0.12715
-0.11545
0.001757
0.12732
0.13329
0.028894
-0.17407
-0.39838
-0.49484
-0.42089
-0.28822
-0.17771
-0.095729
-0.060902
0.14622
0.14103
0.23983
0.37454
0.42701
0.37146
0.27552
0.17574
0.12715
0.14584
0.165
0.11629
0.0095076
-0.026857
-0.02632
0.041177
0.2682
0.61254
0.76574
0.75518
0.71893
0.7643
0.81393
0.74277
0.57672
0.41881
0.31647
0.34984
0.45758
0.49723
0.46293
0.46134
0.47126
0.3955
0.20656
0.011624
-0.1017
-0.10398
-0.030508
-0.02068
-0.075411
-0.18131
-0.32339
-0.46196
-0.50634
-0.39403
-0.24355
-0.12911
-0.081998
-0.066584
0.18931
0.14531
0.22308
0.32836
0.32383
0.28382
0.24955
0.23805
0.27182
0.32488
0.32825
0.25923
0.10719
0.027337
0.012391
0.093838
0.37362
0.71308
0.83667
0.7821
0.67123
0.66367
0.76119
0.80247
0.69537
0.58503
0.53032
0.56782
0.57056
0.46556
0.36917
0.35335
0.42461
0.41897
0.2696
0.083313
-0.045419
-0.044707
-0.024132
-0.12371
-0.25886
-0.39269
-0.47508
-0.50118
-0.46224
-0.33333
-0.15988
-0.026191
0.0101
0.034491
0.38649
0.31292
0.31074
0.31503
0.26162
0.22914
0.24505
0.29234
0.36782
0.39628
0.35106
0.25125
0.12361
0.053376
0.058188
0.13041
0.38665
0.69091
0.82476
0.78677
0.66158
0.63057
0.73246
0.8022
0.75052
0.67731
0.69158
0.75306
0.71859
0.52757
0.34642
0.31689
0.39075
0.43073
0.31784
0.12608
0.034693
0.042868
0.03032
-0.087855
-0.24842
-0.40435
-0.43615
-0.39976
-0.31116
-0.18635
-0.045851
0.070597
0.12465
0.14601
0.61845
0.54426
0.46044
0.35142
0.26387
0.22879
0.22987
0.27726
0.34194
0.37016
0.31353
0.20959
0.11848
0.061288
0.078996
0.17636
0.35338
0.57194
0.71216
0.71926
0.64635
0.63669
0.70695
0.77326
0.74699
0.67921
0.70211
0.78254
0.75723
0.54706
0.35029
0.32378
0.40059
0.45268
0.36597
0.2129
0.16214
0.15747
0.10392
0.0024233
-0.1251
-0.25643
-0.26073
-0.20326
-0.11517
-0.018385
0.063954
0.14708
0.2186
0.25217
