-0.46232
-0.45993
-0.4087
-0.35318
-0.3246
-0.31321
-0.28322
-0.21473
-0.12763
-0.061165
-0.029791
-0.0023557
0.070712
0.20648
0.36425
0.47177
0.47894
0.3889
0.24304
0.086615
-0.0474
-0.13657
-0.17369
-0.17978
-0.2006
-0.2751
-0.39827
-0.51508
-0.55947
-0.50819
-0.39782
-0.28775
-0.20978
-0.1561
-0.10774
-0.061127
-0.022099
0.015061
0.065599
0.12629
0.16285
0.14015
0.062871
-0.022733
-0.062273
-0.020943
0.10642
0.28713
0.45209
0.52907
-0.4719
-0.44568
-0.37573
-0.31717
-0.29873
-0.2952
-0.25478
-0.15365
-0.021398
0.087683
0.14704
0.1818
0.24142
0.34725
0.46494
0.52887
0.49597
0.37677
0.21739
0.061168
-0.067227
-0.15333
-0.19015
-0.19114
-0.19523
-0.24438
-0.34706
-0.46292
-0.53027
-0.51572
-0.4372
-0.33709
-0.23785
-0.13102
-0.0069868
0.1164
0.20493
0.24508
0.25745
0.26692
0.27008
0.244
0.1811
0.10357
0.049773
0.057302
0.14583
0.29332
0.43142
0.48622
-0.42545
-0.37323
-0.28345
-0.21686
-0.19939
-0.19666
-0.14935
-0.032748
0.12099
0.25614
0.34351
0.39926
0.45977
0.53913
0.60839
0.61702
0.53786
0.39097
0.22327
0.070904
-0.053422
-0.14483
-0.19466
-0.20101
-0.18438
-0.1825
-0.22264
-0.29653
-0.36535
-0.39234
-0.36923
-0.30848
-0.21551
-0.080413
0.096586
0.27847
0.40531
0.44299
0.41256
0.36449
0.32996
0.30463
0.27053
0.22102
0.17126
0.15589
0.20543
0.30785
0.39992
0.41477
-0.32685
-0.24755
-0.13364
-0.046541
-0.013348
-0.0037258
0.035551
0.12752
0.25054
0.3692
0.46828
0.55612
0.64337
0.72177
0.76096
0.72801
0.61648
0.4563
0.29104
0.14564
0.019693
-0.090626
-0.17271
-0.2044
-0.17924
-0.12206
-0.076303
-0.072891
-0.10929
-0.15747
-0.18809
-0.18281
-0.12738
-0.0076829
0.17223
0.36791
0.50705
0.54057
0.48283
0.39589
0.33624
0.31878
0.32157
0.31401
0.28732
0.2673
0.28853
0.34629
0.38591
0.35362
-0.19763
-0.085804
0.061861
0.18437
0.24746
0.26537
0.27484
0.29729
0.33419
0.38881
0.47363
0.59184
0.72128
0.82144
0.85436
0.80384
0.68472
0.53514
0.39126
0.26352
0.13822
0.0046081
-0.11993
-0.1937
-0.18252
-0.092164
0.028584
0.11883
0.14446
0.11272
0.056498
0.011462
0.0075008
0.067885
0.19648
0.35849
0.48679
0.52538
0.47313
0.38324
0.32013
0.31488
0.35101
0.38486
0.38658
0.36778
0.36137
0.37128
0.35813
0.28544
-0.080688
0.070881
0.26101
0.42536
0.51924
0.53899
0.50513
0.43993
0.37115
0.34279
0.39593
0.53001
0.69244
0.81258
0.84547
0.79043
0.68103
0.56033
0.45412
0.35699
0.24306
0.096885
-0.060444
-0.17489
-0.19385
-0.10542
0.049352
0.20165
0.29594
0.31454
0.27283
0.20132
0.13542
0.11166
0.15458
0.2551
0.36569
0.42871
0.41831
0.35924
0.3076
0.30891
0.36317
0.4253
0.44633
0.4178
0.36823
0.31722
0.25185
0.15637
-0.019943
0.16817
0.3943
0.58707
0.69525
0.70794
0.63958
0.51461
0.37625
0.2917
0.31777
0.45062
0.61926
0.73662
0.75759
0.69545
0.59711
0.50615
0.43708
0.37095
0.27433
0.13141
-0.034128
-0.16677
-0.21269
-0.15364
-0.01615
0.14714
0.28502
0.3638
0.36909
0.30512
0.19821
0.095994
0.050217
0.08698
0.18617
0.29032
0.34194
0.32542
0.28079
0.27129
0.32482
0.40335
0.43721
0.39078
0.28626
0.16649
0.054643
-0.042592
-0.025402
0.17533
0.40592
0.5914
0.68579
0.68723
0.61508
0.49188
0.35574
0.26997
0.28996
0.41099
0.56095
0.65409
0.65236
0.57942
0.48757
0.41562
0.36686
0.31407
0.22473
0.090752
-0.059591
-0.17852
-0.22998
-0.20758
-0.12735
-0.010299
0.12254
0.24132
0.30538
0.28197
0.17326
0.026545
-0.084428
-0.09845
-0.0056768
0.1388
0.24578
0.25775
0.19952
0.15819
0.1982
0.29336
0.35098
0.30251
0.16039
-0.009481
-0.14837
-0.23062
-0.062911
0.11096
0.29721
0.4297
0.48278
0.47544
0.43485
0.37234
0.30134
0.26048
0.29335
0.39988
0.52196
0.5878
0.56916
0.49433
0.41316
0.35418
0.30847
0.24485
0.14105
0.0074886
-0.11684
-0.19582
-0.22521
-0.22813
-0.22102
-0.19051
-0.11171
0.010027
0.12307
0.16088
0.091971
-0.05347
-0.19567
-0.2472
-0.16794
-0.0032518
0.13547
0.15545
0.068309
-0.01522
0.0067314
0.12297
0.22193
0.20423
0.069101
-0.10523
-0.23893
-0.29759
-0.088247
0.023693
0.12397
0.16945
0.16512
0.15256
0.16129
0.18298
0.19828
0.21607
0.2682
0.36424
0.46635
0.5196
0.5033
0.44552
0.38911
0.34885
0.30119
0.21183
0.074799
-0.071701
-0.1711
-0.19837
-0.18658
-0.19681
-0.25455
-0.31799
-0.31635
-0.22157
-0.080561
0.019821
0.015832
-0.092189
-0.23754
-0.32049
-0.27134
-0.11289
0.038885
0.065883
-0.038259
-0.15365
-0.15173
-0.025452
0.11023
0.14025
0.051594
-0.081091
-0.17919
-0.21309
-0.092306
-0.053663
-0.050154
-0.096842
-0.15906
-0.17927
-0.13176
-0.044554
0.036883
0.1001
0.17009
0.26569
0.36554
0.42686
0.43252
0.40823
0.3897
0.37803
0.33391
0.21881
0.044043
-0.12204
-0.20363
-0.18533
-0.13359
-0.14164
-0.24252
-0.37452
-0.43575
-0.37365
-0.22442
-0.078736
-0.019387
-0.076355
-0.20895
-0.31973
-0.3133
-0.17822
-0.015627
0.04117
-0.04273
-0.16346
-0.18548
-0.08117
0.053497
0.11161
0.075016
0.0023777
-0.047589
-0.060061
-0.10526
-0.12342
-0.19154
-0.30517
-0.41207
-0.44783
-0.39073
-0.27844
-0.16743
-0.079802
0.004953
0.10922
0.22054
0.30336
0.34185
0.35849
0.38256
0.40427
0.3717
0.24287
0.042848
-0.13737
-0.21013
-0.16955
-0.10317
-0.11729
-0.24108
-0.40052
-0.48579
-0.44164
-0.2984
-0.13698
-0.039027
-0.052244
-0.16378
-0.29074
-0.32284
-0.21294
-0.03458
0.074317
0.044793
-0.055957
-0.1046
-0.054272
0.034734
0.083323
0.076406
0.052382
0.043098
0.046996
-0.15318
-0.19566
-0.29088
-0.43074
-0.56081
-0.61622
-0.57409
-0.46916
-0.3566
-0.26251
-0.17302
-0.06722
0.049457
0.15042
0.2219
0.28019
0.34534
0.39953
0.38583
0.26335
0.064933
-0.11154
-0.18142
-0.14929
-0.10665
-0.14843
-0.28583
-0.43915
-0.51251
-0.46969
-0.34384
-0.19842
-0.095674
-0.082719
-0.16698
-0.288
-0.33773
-0.24597
-0.057231
0.097672
0.12481
0.052611
-0.017152
-0.025004
0.0051202
0.026126
0.028967
0.033931
0.050169
0.065486
-0.21914
-0.25623
-0.34081
-0.47263
-0.60404
-0.67165
-0.64738
-0.55767
-0.45423
-0.36921
-0.2983
-0.22087
-0.12823
-0.029564
0.065811
0.16231
0.26426
0.34725
0.35869
0.26552
0.10209
-0.044531
-0.1085
-0.10538
-0.11525
-0.20309
-0.35435
-0.4893
-0.5373
-0.49041
-0.3892
-0.2793
-0.1964
-0.17397
-0.22857
-0.32341
-0.36862
-0.2909
-0.11383
0.049776
0.10249
0.050324
-0.02483
-0.061672
-0.062486
-0.053226
-0.039928
-0.015532
0.015534
0.038103
-0.25822
-0.27798
-0.33959
-0.45065
-0.56957
-0.63429
-0.61327
-0.52873
-0.43388
-0.37047
-0.34367
-0.32794
-0.29174
-0.21922
-0.11376
0.012415
0.14271
0.2475
0.28603
0.23806
0.1346
0.039861
-0.0079112
-0.033671
-0.098127
-0.23201
-0.39828
-0.52104
-0.55177
-0.50327
-0.42162
-0.34178
-0.28108
-0.25861
-0.29068
-0.35705
-0.39139
-0.3329
-0.19551
-0.068052
-0.029781
-0.075238
-0.13587
-0.16014
-0.14876
-0.12231
-0.0882
-0.046865
-0.007354
0.017956
-0.24947
-0.26189
-0.31302
-0.41017
-0.51341
-0.56405
-0.53342
-0.44519
-0.35596
-0.31558
-0.33632
-0.3868
-0.41318
-0.37541
-0.27112
-0.12868
0.016116
0.13148
0.19149
0.18863
0.14712
0.10593
0.078683
0.03678
-0.060901
-0.22078
-0.39641
-0.51841
-0.54714
-0.49779
-0.41588
-0.33792
-0.28214
-0.26305
-0.29053
-0.34699
-0.38209
-0.3524
-0.27188
-0.20672
-0.20671
-0.2523
-0.28307
-0.26563
-0.21423
-0.15558
-0.10049
-0.051171
-0.013592
0.0072462
-0.2204
-0.24807
-0.30846
-0.40155
-0.49028
-0.52616
-0.48829
-0.39988
-0.31342
-0.27998
-0.31897
-0.40151
-0.46373
-0.4499
-0.35201
-0.20742
-0.062743
0.052211
0.12413
0.15243
0.15143
0.14023
0.12066
0.071027
-0.03277
-0.18915
-0.3599
-0.48597
-0.52309
-0.47051
-0.36683
-0.26142
-0.19272
-0.18219
-0.22874
-0.30192
-0.35391
-0.35648
-0.33075
-0.32723
-0.36665
-0.41119
-0.40589
-0.338
-0.24114
-0.15301
-0.088522
-0.047765
-0.027485
-0.020479
-0.21249
-0.27265
-0.34909
-0.43556
-0.50765
-0.53582
-0.50581
-0.42938
-0.34194
-0.28975
-0.30429
-0.3729
-0.43669
-0.43259
-0.34443
-0.20844
-0.07234
0.038248
0.11673
0.16109
0.1728
0.1586
0.12345
0.064475
-0.026219
-0.15232
-0.29914
-0.42409
-0.47281
-0.41853
-0.28814
-0.14849
-0.067466
-0.078445
-0.16498
-0.27283
-0.34714
-0.37298
-0.38427
-0.42432
-0.49129
-0.53128
-0.49312
-0.38101
-0.24519
-0.13391
-0.067108
-0.042808
-0.046971
-0.058227
-0.22797
-0.3171
-0.39609
-0.46153
-0.51339
-0.54518
-0.54176
-0.49061
-0.40134
-0.31514
-0.2822
-0.31533
-0.36825
-0.373
-0.30121
-0.18016
-0.053392
0.056444
0.14327
0.19786
0.20806
0.17333
0.11001
0.040471
-0.026473
-0.10493
-0.21099
-0.32466
-0.3849
-0.33892
-0.19878
-0.044528
0.030219
-0.016833
-0.15096
-0.29173
-0.37654
-0.40544
-0.42938
-0.49089
-0.57276
-0.60945
-0.55188
-0.4138
-0.25304
-0.12256
-0.046457
-0.024168
-0.037276
-0.056942
-0.22151
-0.31314
-0.37033
-0.40343
-0.4408
-0.49292
-0.53361
-0.52042
-0.43878
-0.32891
-0.26103
-0.27187
-0.32619
-0.35049
-0.30286
-0.19962
-0.079943
0.033405
0.13161
0.19862
0.21214
0.16648
0.087551
0.018805
-0.016345
-0.040536
-0.09785
-0.1929
-0.26557
-0.24358
-0.12185
0.017628
0.068102
-0.015232
-0.18135
-0.33055
-0.39909
-0.4054
-0.41911
-0.48531
-0.57699
-0.62136
-0.57025
-0.43892
-0.28105
-0.14318
-0.047698
0.0013366
0.014212
0.011464
-0.14907
-0.20831
-0.22587
-0.23204
-0.27492
-0.36702
-0.46391
-0.49906
-0.44417
-0.34139
-0.27337
-0.29034
-0.36352
-0.41585
-0.39552
-0.31015
-0.19643
-0.079738
0.028078
0.10915
0.13851
0.10752
0.043769
-0.0010272
0.0040023
0.032135
0.02129
-0.054145
-0.14214
-0.15965
-0.08228
0.020437
0.044288
-0.053365
-0.21382
-0.332
-0.35224
-0.31288
-0.30096
-0.36534
-0.47301
-0.54638
-0.53632
-0.45343
-0.33766
-0.21803
-0.1064
-0.010971
0.059991
0.10284
-0.022846
-0.02944
-0.0090297
-0.0090576
-0.080148
-0.22115
-0.37041
-0.45274
-0.43934
-0.3726
-0.33427
-0.37644
-0.4751
-0.55502
-0.55956
-0.48937
-0.3796
-0.26039
-0.14769
-0.057085
-0.0076404
-0.0058189
-0.028036
-0.028299
0.021862
0.095067
0.12321
0.066321
-0.037242
-0.10289
-0.086241
-0.031116
-0.025224
-0.10751
-0.22369
-0.27793
-0.22877
-0.13202
-0.089137
-0.15438
-0.29166
-0.41755
-0.47703
-0.47153
-0.42528
-0.34779
-0.23645
-0.099789
0.035316
0.13696
0.087287
0.12362
0.16055
0.14458
0.03931
-0.13369
-0.30641
-0.41404
-0.43743
-0.41391
-0.41213
-0.47927
-0.59806
-0.69966
-0.72388
-0.6628
-0.54981
-0.4235
-0.30887
-0.21972
-0.16272
-0.13388
-0.1126
-0.066551
0.022583
0.12916
0.18972
0.15665
0.049583
-0.056368
-0.10127
-0.09687
-0.1056
-0.16218
-0.22476
-0.2137
-0.10006
0.049709
0.12227
0.053598
-0.12126
-0.30958
-0.44202
-0.50733
-0.52089
-0.48465
-0.38815
-0.23631
-0.062946
0.083501
0.10976
0.15517
0.18036
0.13944
0.018232
-0.14663
-0.2967
-0.39248
-0.42897
-0.43301
-0.45332
-0.53042
-0.65609
-0.76929
-0.80456
-0.74277
-0.61591
-0.47565
-0.36244
-0.29141
-0.25318
-0.22541
-0.18519
-0.11478
-0.0084453
0.11333
0.20116
0.20642
0.12569
0.011053
-0.075048
-0.11739
-0.15138
-0.20448
-0.24488
-0.20412
-0.056434
0.12995
0.23131
0.16749
-0.033734
-0.26877
-0.44686
-0.5422
-0.57229
-0.55043
-0.47168
-0.33509
-0.16531
-0.0081028
0.029745
0.05112
0.048534
-0.0084852
-0.11564
-0.23309
-0.32302
-0.37577
-0.39964
-0.40883
-0.43053
-0.49752
-0.61026
-0.71653
-0.74721
-0.67359
-0.52761
-0.37547
-0.27451
-0.2417
-0.25044
-0.25701
-0.23282
-0.17242
-0.080745
0.031622
0.13783
0.19594
0.17854
0.10173
0.010788
-0.067543
-0.1452
-0.23477
-0.30211
-0.27844
-0.13226
0.072705
0.20485
0.16527
-0.031658
-0.27659
-0.45899
-0.54018
-0.54624
-0.51254
-0.44766
-0.34376
-0.20676
-0.06781
-0.10455
-0.11536
-0.13726
-0.18928
-0.26105
-0.31893
-0.34404
-0.34848
-0.34984
-0.35202
-0.36224
-0.40213
-0.47779
-0.54967
-0.55463
-0.46217
-0.30494
-0.15807
-0.088189
-0.10985
-0.18058
-0.23963
-0.25482
-0.2312
-0.18121
-0.10278
0.0045852
0.11373
0.17908
0.17509
0.11197
0.0096691
-0.12503
-0.27912
-0.40163
-0.417
-0.28952
-0.078349
0.083985
0.087226
-0.069853
-0.28504
-0.44246
-0.49641
-0.4772
-0.43333
-0.38049
-0.30344
-0.19358
-0.072654
-0.22468
-0.24795
-0.2619
-0.28739
-0.32235
-0.34132
-0.33092
-0.30873
-0.29656
-0.29342
-0.29007
-0.29264
-0.30896
-0.31858
-0.27899
-0.16895
-0.020613
0.094503
0.1153
0.036702
-0.087778
-0.1912
-0.24446
-0.26231
-0.26281
-0.23374
-0.14973
-0.016975
0.11411
0.1839
0.16063
0.043895
-0.14537
-0.36072
-0.52678
-0.56643
-0.453
-0.2453
-0.064083
-0.013292
-0.10665
-0.26618
-0.39346
-0.44406
-0.43868
-0.41386
-0.37452
-0.29857
-0.17894
-0.046778
-0.28555
-0.29425
-0.27585
-0.26573
-0.27891
-0.29432
-0.28857
-0.26924
-0.25827
-0.25582
-0.24142
-0.20374
-0.14886
-0.079624
0.013867
0.13352
0.24957
0.30847
0.27179
0.151
0.0029179
-0.11395
-0.18237
-0.22621
-0.26787
-0.29172
-0.25684
-0.14623
0.0028081
0.11696
0.12943
0.012697
-0.20623
-0.44997
-0.62237
-0.65679
-0.55007
-0.36278
-0.18821
-0.10367
-0.12937
-0.22545
-0.33141
-0.41154
-0.4635
-0.48779
-0.4622
-0.36015
-0.19289
-0.018821
-0.27758
-0.26199
-0.21049
-0.17491
-0.18625
-0.2232
-0.24514
-0.24292
-0.23711
-0.23438
-0.21037
-0.13861
-0.019416
0.12504
0.26974
0.39092
0.45983
0.44985
0.35856
0.21975
0.08601
-0.0067554
-0.061993
-0.11165
-0.17996
-0.25352
-0.28685
-0.2416
-0.12573
-0.0010273
0.046567
-0.040105
-0.24271
-0.46895
-0.61406
-0.63019
-0.54073
-0.40281
-0.26987
-0.17964
-0.15294
-0.19136
-0.27988
-0.39621
-0.51322
-0.59005
-0.57498
-0.44007
-0.22008
-0.0027413
-0.21837
-0.19317
-0.13254
-0.094423
-0.11698
-0.17749
-0.22229
-0.22852
-0.21607
-0.20232
-0.16867
-0.080187
0.073912
0.26623
0.44731
0.5672
0.59196
0.51907
0.38469
0.24719
0.15186
0.10512
0.078485
0.03349
-0.052233
-0.16896
-0.27429
-0.31348
-0.25761
-0.13816
-0.043645
-0.060194
-0.19526
-0.36509
-0.471
-0.48269
-0.43833
-0.38096
-0.32086
-0.25623
-0.20415
-0.19746
-0.2583
-0.3798
-0.52342
-0.62482
-0.61594
-0.46958
-0.23358
-0.0077945
-0.14258
-0.13215
-0.090835
-0.068307
-0.10109
-0.16896
-0.21627
-0.21278
-0.17685
-0.13811
-0.093976
-0.011507
0.13446
0.33007
0.52199
0.64232
0.64483
0.53593
0.37673
0.24459
0.18085
0.1704
0.16627
0.12651
0.031565
-0.11328
-0.27288
-0.38331
-0.38306
-0.26832
-0.11811
-0.040574
-0.077369
-0.17226
-0.24458
-0.2746
-0.2977
-0.3341
-0.35843
-0.34029
-0.28955
-0.25119
-0.26648
-0.34469
-0.45702
-0.54392
-0.54001
-0.41878
-0.22289
-0.038832
-0.086354
-0.10303
-0.091206
-0.084556
-0.11548
-0.17281
-0.2086
-0.18798
-0.12229
-0.049947
0.0085029
0.071363
0.1743
0.32956
0.50224
0.6235
0.63423
0.53007
0.36991
0.23417
0.16704
0.15465
0.15166
0.11807
0.031785
-0.11211
-0.28991
-0.43694
-0.47249
-0.36519
-0.17719
-0.022144
0.032986
0.011729
-0.030611
-0.081426
-0.16379
-0.27546
-0.37008
-0.40195
-0.36959
-0.31069
-0.26957
-0.27275
-0.31751
-0.3683
-0.37359
-0.30602
-0.1902
-0.082436
-0.064405
-0.098789
-0.10501
-0.10376
-0.1252
-0.16927
-0.19737
-0.16823
-0.079874
0.026817
0.10715
0.15503
0.20588
0.29747
0.42693
0.54384
0.58543
0.52454
0.39016
0.24397
0.13601
0.078929
0.054759
0.033044
-0.019316
-0.12737
-0.28405
-0.43204
-0.48763
-0.40583
-0.22746
-0.048744
0.061713
0.10377
0.1042
0.063304
-0.035392
-0.17878
-0.31447
-0.38871
-0.3819
-0.31232
-0.2214
-0.15521
-0.14025
-0.16395
-0.18547
-0.17502
-0.13999
-0.10828
-0.063546
-0.094165
-0.10326
-0.1073
-0.13257
-0.18062
-0.21424
-0.18506
-0.080258
0.058199
0.16592
0.21216
0.22365
0.25383
0.33114
0.43458
0.51131
0.51433
0.43046
0.28503
0.1273
0.0066857
-0.05106
-0.058961
-0.063914
-0.116
-0.22717
-0.35313
-0.42098
-0.38597
-0.26689
-0.12364
-0.0019219
0.090014
0.1525
0.16541
0.10389
-0.025392
-0.17542
-0.28373
-0.30528
-0.23564
-0.11708
-0.016499
0.019733
-0.0025457
-0.041343
-0.064914
-0.075452
-0.088927
-0.066942
-0.078484
-0.088721
-0.11673
-0.17637
-0.25209
-0.2958
-0.25727
-0.12831
0.039774
0.16937
0.21666
0.2027
0.18804
0.22052
0.30431
0.40465
0.46943
0.45237
0.33792
0.16038
-0.0065794
-0.096979
-0.10185
-0.07386
-0.079965
-0.14578
-0.24103
-0.31192
-0.32453
-0.28113
-0.20218
-0.10074
0.018906
0.14036
0.22477
0.23001
0.14248
-0.0045509
-0.13936
-0.18908
-0.12977
-0.0089911
0.089658
0.11455
0.080739
0.038749
0.017994
0.0079103
-0.012632
-0.079335
-0.070378
-0.088524
-0.15773
-0.27162
-0.38335
-0.42652
-0.35774
-0.19163
0.00027812
0.1334
0.16742
0.12988
0.08642
0.089912
0.15461
0.2618
0.36997
0.42189
0.37082
0.22374
0.052782
-0.056464
-0.076015
-0.051193
-0.04751
-0.090709
-0.1589
-0.21798
-0.25047
-0.25365
-0.22419
-0.1539
-0.040542
0.099109
0.22575
0.28787
0.24787
0.11712
-0.03129
-0.10429
-0.063428
0.041867
0.12357
0.13673
0.10806
0.09049
0.10353
0.12251
0.11566
-0.11832
-0.092795
-0.1139
-0.21142
-0.36279
-0.49399
-0.52362
-0.41883
-0.22056
-0.02036
0.09599
0.10094
0.035949
-0.027871
-0.041336
0.0067141
0.10663
0.23526
0.34397
0.37101
0.29408
0.16305
0.058446
0.015706
0.0035043
-0.025411
-0.080476
-0.13639
-0.1713
-0.18395
-0.17946
-0.15603
-0.10852
-0.03412
0.066624
0.18033
0.26564
0.26616
0.16375
0.017625
-0.073506
-0.059796
0.019672
0.089486
0.11641
0.12688
0.15946
0.21683
0.26512
0.26954
-0.18611
-0.14362
-0.14461
-0.22713
-0.36928
-0.49128
-0.5082
-0.39185
-0.19203
-0.0043124
0.089289
0.068604
-0.01904
-0.10127
-0.13258
-0.10497
-0.02164
0.11112
0.25862
0.35572
0.35908
0.29206
0.2151
0.15662
0.094741
0.0065562
-0.089366
-0.15145
-0.1591
-0.12307
-0.064935
-0.005005
0.038145
0.060724
0.087785
0.14911
0.22842
0.25774
0.18648
0.048089
-0.065419
-0.093426
-0.05136
0.011844
0.073867
0.14558
0.23617
0.3296
0.39301
0.39997
-0.2614
-0.20165
-0.16262
-0.19217
-0.28603
-0.38141
-0.40103
-0.31097
-0.14474
0.019243
0.10564
0.086663
-0.0042679
-0.10331
-0.1631
-0.16602
-0.10278
0.031102
0.20601
0.35392
0.4208
0.41296
0.37099
0.30858
0.20481
0.057086
-0.086348
-0.16181
-0.14298
-0.048903
0.079893
0.19429
0.24681
0.22619
0.18317
0.18876
0.25082
0.29378
0.24032
0.098635
-0.050239
-0.13655
-0.14774
-0.10172
-0.011176
0.11415
0.25183
0.3707
0.44496
0.46011
-0.31505
-0.24902
-0.17919
-0.15968
-0.20696
-0.28291
-0.32236
-0.28045
-0.1614
-0.014845
0.091546
0.11095
0.045705
-0.0599
-0.15306
-0.19235
-0.14601
-0.0033335
0.19795
0.37964
0.48217
0.50676
0.48431
0.4181
0.28624
0.099759
-0.071734
-0.14823
-0.099473
0.047828
0.23626
0.39362
0.45329
0.40324
0.31434
0.28252
0.32691
0.36662
0.3112
0.15465
-0.0328
-0.18001
-0.25504
-0.249
-0.16165
-0.013064
0.15424
0.29881
0.39821
0.44224
-0.32186
-0.26949
-0.20442
-0.17888
-0.21835
-0.30004
-0.36851
-0.37211
-0.29151
-0.14996
-0.0056253
0.077088
0.065657
-0.022952
-0.1349
-0.20189
-0.16455
-0.0064774
0.22046
0.42302
0.53661
0.56293
0.5324
0.44894
0.29686
0.097749
-0.070054
-0.12435
-0.039408
0.14875
0.37025
0.54108
0.59079
0.51546
0.39914
0.34483
0.37118
0.3974
0.33592
0.17721
-0.022988
-0.20705
-0.33979
-0.39228
-0.34327
-0.2044
-0.022288
0.15352
0.29376
0.38134
-0.26263
-0.23439
-0.20297
-0.21217
-0.28259
-0.39297
-0.49316
-0.53275
-0.48281
-0.34852
-0.17452
-0.030434
0.025548
-0.018791
-0.1191
-0.19103
-0.15304
0.017347
0.2583
0.4667
0.57544
0.58564
0.52772
0.41292
0.24106
0.046412
-0.093051
-0.10682
0.016469
0.22915
0.45392
0.60633
0.62483
0.51851
0.37776
0.30217
0.30858
0.32651
0.28229
0.16357
0.00053515
-0.17884
-0.34891
-0.464
-0.47347
-0.366
-0.18228
0.019054
0.19424
0.31506
-0.1377
-0.12138
-0.11684
-0.16008
-0.26447
-0.40618
-0.5382
-0.61473
-0.60486
-0.50118
-0.33131
-0.15716
-0.047753
-0.038065
-0.10019
-0.14982
-0.098379
0.077415
0.31291
0.50846
0.60368
0.59798
0.51428
0.36673
0.17346
-0.013796
-0.11783
-0.086166
0.070858
0.29112
0.49447
0.60572
0.5796
0.43682
0.2668
0.16335
0.14948
0.17586
0.18468
0.15137
0.067982
-0.074909
-0.26314
-0.43291
-0.50168
-0.43306
-0.26174
-0.056973
0.12372
0.24711
0.011836
0.040705
0.05494
0.01932
-0.083426
-0.23509
-0.39277
-0.51124
-0.5553
-0.50735
-0.38051
-0.22405
-0.10363
-0.061426
-0.080619
-0.086949
-0.0035559
0.17987
0.39625
0.56233
0.63891
0.62857
0.53876
0.37349
0.16196
-0.024178
-0.10196
-0.034322
0.14418
0.35557
0.52177
0.58488
0.51776
0.34497
0.14604
0.0099794
-0.024233
0.021295
0.099081
0.16192
0.16065
0.055425
-0.14267
-0.35092
-0.46243
-0.42589
-0.27634
-0.092745
0.061286
0.15844
0.11741
0.17066
0.22603
0.24246
0.18546
0.0566
-0.10671
-0.25397
-0.34221
-0.34917
-0.28369
-0.18568
-0.10644
-0.074676
-0.068455
-0.023328
0.11128
0.31522
0.51092
0.63689
0.68893
0.68411
0.61352
0.45766
0.24199
0.053267
-0.014583
0.066877
0.24285
0.42436
0.54415
0.56832
0.48377
0.30527
0.091229
-0.074623
-0.13244
-0.07798
0.044367
0.16328
0.20144
0.10896
-0.094526
-0.31341
-0.43444
-0.40818
-0.27642
-0.12355
-0.0099892
0.050758
0.14535
0.20899
0.30147
0.37694
0.38195
0.29974
0.16242
0.025644
-0.064973
-0.094027
-0.078669
-0.054473
-0.050848
-0.0665
-0.058768
0.032606
0.22634
0.46098
0.63925
0.71896
0.73754
0.73894
0.70564
0.58918
0.39606
0.21493
0.14667
0.21484
0.35324
0.47546
0.53938
0.5408
0.47248
0.32352
0.11954
-0.06443
-0.14978
-0.11234
0.0022745
0.10837
0.1252
0.017837
-0.178
-0.3676
-0.45449
-0.40747
-0.27717
-0.14628
-0.065491
-0.033811
0.14488
0.19076
0.28157
0.37681
0.41855
0.38271
0.29747
0.2151
0.17016
0.15899
0.14974
0.11085
0.037949
-0.033631
-0.037111
0.08661
0.32821
0.58842
0.74936
0.78178
0.76011
0.76016
0.76744
0.71049
0.56968
0.42012
0.35653
0.39434
0.46438
0.49896
0.4957
0.48411
0.45574
0.36386
0.19495
0.010924
-0.098399
-0.098012
-0.035538
0.0032659
-0.042187
-0.17427
-0.34087
-0.46366
-0.48175
-0.39123
-0.24802
-0.12488
-0.060218
-0.044313
0.20803
0.21733
0.26095
0.31737
0.34633
0.33273
0.3018
0.29075
0.31024
0.33306
0.31669
0.23817
0.1159
0.009336
-0.0017291
0.13762
0.40009
0.66616
0.80798
0.80306
0.74693
0.73907
0.77598
0.77781
0.70438
0.60887
0.56631
0.57702
0.57249
0.51219
0.43818
0.41266
0.4245
0.39422
0.27323
0.10807
-0.010239
-0.044759
-0.043868
-0.082664
-0.19093
-0.33613
-0.45614
-0.49848
-0.44358
-0.31297
-0.15992
-0.040086
0.019841
0.029819
0.36873
0.34445
0.31899
0.29769
0.27333
0.25057
0.25141
0.29151
0.35506
0.3977
0.3766
0.28192
0.14717
0.038504
0.031125
0.16964
0.42068
0.66811
0.79145
0.77115
0.70218
0.68845
0.7374
0.77666
0.7603
0.7222
0.71249
0.71339
0.65739
0.52737
0.39884
0.35708
0.39161
0.40592
0.33076
0.19815
0.090985
0.041615
0.0035626
-0.083355
-0.22243
-0.35848
-0.42945
-0.40883
-0.30988
-0.16854
-0.026713
0.080772
0.13678
0.14482
0.55485
0.51526
0.43278
0.33642
0.25138
0.20151
0.20493
0.25836
0.32842
0.36621
0.3377
0.2456
0.12802
0.042254
0.045521
0.1682
0.38049
0.58877
0.69551
0.68286
0.62704
0.61599
0.66181
0.70975
0.72268
0.72381
0.74277
0.74888
0.67754
0.52429
0.37609
0.32441
0.36279
0.39776
0.35749
0.26254
0.18094
0.13752
0.091487
-0.0023307
-0.13296
-0.24099
-0.274
-0.22483
-0.12332
-0.0062157
0.10089
0.18283
0.22943
0.2358
